Dimensiones
50
50
Origen
1
1
Destino
50
50
Obstaculos
516

1
6

1
9

1
10

1
12

1
17

1
18

1
25

1
31

1
36

1
50

2
5

2
8

2
11

2
17

2
18

2
25

2
30

2
34

2
39

2
42

2
45

2
47

3
10

3
11

3
13

3
17

3
18

3
19

3
24

3
29

3
30

3
32

3
37

3
39

3
40

3
46

4
1

4
8

4
16

4
21

4
25

4
27

4
29

4
37

4
39

4
41

4
44

4
50

5
1

5
10

5
18

5
22

5
25

5
26

5
27

5
32

5
39

6
2

6
8

6
13

6
15

6
21

6
34

6
41

6
45

7
1

7
5

7
6

7
9

7
15

7
30

7
50

8
5

8
11

8
19

8
32

8
35

8
46

8
47

8
50

9
2

9
8

9
10

9
17

9
24

9
25

9
29

9
36

9
47

9
48

9
49

10
1

10
2

10
8

10
13

10
19

10
27

10
28

10
31

11
11

11
12

11
15

11
18

11
19

11
20

11
26

11
32

11
36

11
46

12
2

12
3

12
6

12
10

12
18

12
21

12
40

12
46

12
47

12
48

13
1

13
4

13
12

13
15

13
19

13
24

13
28

13
36

13
42

13
43

13
44

14
4

14
6

14
10

14
20

14
24

14
31

14
43

14
49

15
1

15
9

15
10

15
12

15
16

15
19

15
20

15
22

15
23

15
25

15
45

16
6

16
8

16
9

16
15

16
23

16
28

16
30

16
39

16
40

16
50

17
8

17
9

17
17

17
24

17
27

17
29

17
32

17
34

17
36

17
38

17
40

17
43

18
1

18
8

18
12

18
14

18
17

18
18

18
21

18
23

18
24

18
28

18
30

18
36

18
40

18
50

19
18

19
19

19
28

19
29

19
33

19
43

19
49

20
1

20
2

20
17

20
20

20
22

20
24

20
35

20
37

20
46

21
2

21
7

21
8

21
10

21
23

21
25

21
39

21
45

21
50

22
2

22
3

22
4

22
7

22
10

22
12

22
13

22
14

22
31

22
33

22
34

22
43

22
44

22
45

22
46

23
11

23
12

23
15

23
29

23
32

23
33

23
37

23
39

23
41

23
45

23
46

23
48

23
50

24
7

24
15

24
17

24
20

24
24

24
28

24
34

25
2

25
3

25
9

25
10

25
12

25
16

25
19

25
26

25
29

25
30

25
37

25
40

25
43

25
49

26
1

26
3

26
8

26
20

26
30

26
32

26
34

26
37

26
40

27
2

27
7

27
8

27
9

27
14

27
21

27
24

27
36

27
38

27
40

27
44

28
7

28
13

28
15

28
17

28
33

28
39

28
41

28
43

28
45

28
50

29
2

29
11

29
12

29
13

29
21

29
25

29
29

29
31

29
35

29
37

29
46

29
50

30
2

30
6

30
8

30
13

30
18

30
21

30
27

30
42

30
43

30
45

30
50

31
3

31
4

31
5

31
6

31
23

31
33

31
36

31
37

31
46

31
50

32
1

32
3

32
4

32
12

32
19

32
21

32
33

32
37

32
38

32
39

32
42

32
47

32
48

33
3

33
4

33
8

33
11

33
14

33
23

33
27

33
30

33
31

33
37

33
38

33
44

33
50

34
1

34
6

34
7

34
8

34
10

34
15

34
18

34
21

34
23

34
28

34
29

34
35

34
37

34
47

34
48

35
9

35
10

35
11

35
14

35
16

35
20

35
22

35
24

35
25

35
30

35
42

35
43

36
1

36
5

36
8

36
9

36
21

36
34

36
37

36
39

36
47

36
48

37
5

37
25

37
30

37
47

38
5

38
12

38
20

38
21

38
25

38
27

38
31

38
40

39
2

39
5

39
10

39
22

39
31

39
32

39
34

39
43

39
45

39
46

40
3

40
6

40
11

40
16

40
18

40
25

40
27

40
35

40
36

40
37

41
4

41
7

41
8

41
9

41
16

41
19

41
20

41
26

41
30

41
42

41
45

41
50

42
22

42
28

42
32

42
36

42
43

42
45

43
3

43
7

43
17

43
18

43
23

43
27

43
34

43
43

43
46

44
5

44
8

44
9

44
17

44
20

44
21

44
23

44
27

44
33

44
36

44
43

44
44

44
47

45
5

45
12

45
19

45
37

45
42

45
45

46
8

46
14

46
16

46
23

46
24

46
30

46
35

46
36

46
41

46
45

46
50

47
3

47
10

47
14

47
17

47
18

47
24

47
32

47
35

47
36

47
38

47
40

48
1

48
10

48
11

48
26

48
28

48
32

48
34

48
37

48
39

48
43

48
49

49
11

49
25

49
26

49
37

49
50

50
1

50
4

50
6

50
11

50
12

50
19

50
24

50
25

50
30

50
32

50
34

50
35

50
40

50
43

50
48
